Nadula Kadawedduwa
This secitons is here to clarify how to read the data files:

Average   Number of Vertices
    |           |
    |           |
    |           |
    V           V
2483.554			3700
Data from --> 1560	2134	1994	1388	2247	2834	2339	3137	2627	1905	1370	2623	1651	1890	2797	3357	1980	2819	3155				4245	4051	1837	4585
this row  	  1569	3121	3002	2359	3222	3217	1699	1760	1376	1869	2521	1468	3527	1270	3578	1316	4205	2624	1094	1867	2394	1889	3235
onwards       2815	4213	3806	3270	2670	1485	2230	4065	1648	1231	1354	2701	1776	2109	3719	2215	3186	3691	4108	2715	2393	3047	1555
						  4551	3278	4195	2261	3807	3034	1886	3239	2357	2572	2616	2760	2877	1109	2441	3473	1938	2252	1456	2641	1429	1286	1234
						  2331	2203	2076	3302	2644	2166	2481	2223	3338	2360	2391	3922	3413	3306	2052	1301	3326	1893	2705	2326	1104	1317	2342
						  2198	3238	3757	3154	3174	2932	3748	1708	2229	1703	1527	1938	2686	3309	1723	1545	2904	2583	1994	3028	3594	3038	1331
						  1822	2289	3636	3297	1803	3234	2623	1516	2845	2070	2297	1464	2101	2406	1332	1328	2492	2996	2180	2352	1464	2577	3532
						  2890	3750	1655	1808	3622	3605	1659	1817	1520	1299	1837	2475	1937	3474	1230	1560	2005	1609	1891	2264	2570	1496	2313
						  1275	2402	2950	1028	1646	2283	3789	1672	1633	2006	1908	3663	2793	3519	1197	1892	2754	4080	1550	3932	1059	2555	1966
						  2314	3522	2858	2518	1173	2758	1954	2893	3941	2125	2959	2008	1738	1995	1358	1868	2753	2935	1978	1272	1241	2995	1875
